Left Reaction	Right Reaction	FOS Comp.	FOS Tens.
245.49	154.51	1.09	4.58
245.44	154.56	1.09	4.59
245.39	154.61	1.09	4.58
245.34	154.66	1.09	4.58
245.29	154.71	1.09	4.58
245.24	154.76	1.09	4.58
245.19	154.81	1.09	4.58
245.14	154.86	1.09	4.58
245.09	154.91	1.09	4.57
245.04	154.96	1.09	4.57
245.00	155.00	1.09	4.57
244.95	155.05	1.09	4.57
244.90	155.10	1.09	4.57
244.85	155.15	1.09	4.57
244.80	155.20	1.09	4.56
244.75	155.25	1.08	4.56
244.70	155.30	1.08	4.56
244.65	155.35	1.08	4.56
244.60	155.40	1.08	4.56
244.55	155.45	1.08	4.55
244.50	155.50	1.08	4.55
244.45	155.55	1.08	4.55
244.40	155.60	1.08	4.55
244.35	155.65	1.08	4.54
244.30	155.70	1.08	4.55
244.25	155.75	1.08	4.54
244.20	155.80	1.08	4.54
244.15	155.85	1.08	4.54
244.10	155.90	1.08	4.54
244.05	155.95	1.08	4.53
244.00	156.00	1.08	4.54
243.95	156.05	1.08	4.53
243.90	156.10	1.08	4.53
243.85	156.15	1.08	4.53
243.80	156.20	1.08	4.53
243.75	156.25	1.08	4.52
243.70	156.30	1.08	4.53
243.65	156.35	1.08	4.52
243.60	156.40	1.08	4.52
243.55	156.45	1.07	4.52
243.50	156.50	1.07	4.52
243.45	156.55	1.07	4.51
243.40	156.60	1.07	4.52
243.35	156.65	1.07	4.51
243.30	156.70	1.07	4.51
243.25	156.75	1.07	4.51
243.20	156.80	1.07	4.50
243.15	156.85	1.07	4.50
243.10	156.90	1.07	4.50
243.05	156.95	1.07	4.50
243.00	157.00	1.07	4.50
242.96	157.04	1.07	4.50
242.91	157.09	1.07	4.49
242.86	157.14	1.07	4.49
242.81	157.19	1.07	4.49
242.76	157.24	1.07	4.49
242.71	157.29	1.07	4.49
242.66	157.34	1.07	4.49
242.61	157.39	1.07	4.48
242.56	157.44	1.07	4.48
242.51	157.49	1.07	4.48
242.46	157.54	1.07	4.48
242.41	157.59	1.07	4.48
242.36	157.64	1.06	4.48
242.31	157.69	1.06	4.47
242.26	157.74	1.06	4.47
242.21	157.79	1.06	4.47
242.16	157.84	1.06	4.47
242.11	157.89	1.06	4.47
242.06	157.94	1.06	4.47
242.01	157.99	1.06	4.46
241.96	158.04	1.06	4.46
241.91	158.09	1.06	4.46
241.86	158.14	1.06	4.46
241.81	158.19	1.06	4.46
241.76	158.24	1.06	4.46
241.71	158.29	1.06	4.45
241.66	158.34	1.06	4.45
241.61	158.39	1.06	4.45
241.56	158.44	1.06	4.45
241.51	158.49	1.06	4.45
241.46	158.54	1.06	4.45
241.41	158.59	1.06	4.44
241.36	158.64	1.06	4.44
241.31	158.69	1.06	4.44
241.26	158.74	1.06	4.44
241.21	158.79	1.06	4.44
241.16	158.84	1.05	4.44
241.11	158.89	1.05	4.43
241.06	158.94	1.05	4.43
241.01	158.99	1.05	4.43
240.97	159.03	1.05	4.43
240.92	159.08	1.05	4.43
240.87	159.13	1.05	4.43
240.82	159.18	1.05	4.42
240.77	159.23	1.05	4.42
240.72	159.28	1.05	4.42
240.67	159.33	1.05	4.42
240.62	159.38	1.05	4.42
240.57	159.43	1.05	4.42
240.52	159.48	1.05	4.41
240.47	159.53	1.05	4.41
240.42	159.58	1.05	4.41
240.37	159.63	1.05	4.41
240.32	159.68	1.05	4.41
240.27	159.73	1.05	4.41
240.22	159.78	1.05	4.40
240.17	159.83	1.05	4.40
240.12	159.88	1.05	4.40
240.07	159.93	1.05	4.40
240.02	159.98	1.05	4.40
239.97	160.03	1.05	4.40
239.92	160.08	1.04	4.39
239.87	160.13	1.04	4.39
239.82	160.18	1.04	4.39
239.77	160.23	1.04	4.39
239.72	160.28	1.04	4.39
239.67	160.33	1.04	4.39
239.62	160.38	1.04	4.38
239.57	160.43	1.04	4.38
239.52	160.48	1.04	4.38
239.47	160.53	1.04	4.38
239.42	160.58	1.04	4.38
239.37	160.63	1.04	4.38
239.32	160.68	1.04	4.37
239.27	160.73	1.04	4.37
239.22	160.78	1.04	4.37
239.17	160.83	1.04	4.37
239.12	160.88	1.04	4.37
239.07	160.93	1.04	4.37
239.02	160.98	1.04	4.36
238.98	161.02	1.04	4.36
238.93	161.07	1.04	4.36
238.88	161.12	1.04	4.36
238.83	161.17	1.04	4.36
238.78	161.22	1.04	4.36
238.73	161.27	1.04	4.35
238.68	161.32	1.03	4.35
238.63	161.37	1.03	4.35
238.58	161.42	1.03	4.35
238.53	161.47	1.03	4.35
238.48	161.52	1.03	4.34
238.43	161.57	1.03	4.34
238.38	161.62	1.03	4.34
238.33	161.67	1.03	4.34
238.28	161.72	1.03	4.34
238.23	161.77	1.03	4.33
238.18	161.82	1.03	4.33
238.13	161.87	1.03	4.33
238.08	161.92	1.03	4.32
238.03	161.97	1.03	4.33
237.98	162.02	1.03	4.32
237.93	162.07	1.03	4.32
237.88	162.12	1.03	4.32
237.83	162.17	1.03	4.31
237.78	162.22	1.03	4.31
237.73	162.27	1.03	4.31
237.68	162.32	1.03	4.31
237.63	162.37	1.02	4.31
237.58	162.42	1.02	4.31
237.53	162.47	1.02	4.30
237.48	162.52	1.02	4.30
237.43	162.57	1.02	4.30
237.38	162.62	1.02	4.30
237.33	162.67	1.02	4.30
237.28	162.72	1.02	4.29
237.23	162.77	1.02	4.29
237.18	162.82	1.02	4.29
237.13	162.87	1.02	4.29
237.08	162.92	1.02	4.29
237.03	162.97	1.02	4.28
236.99	163.01	1.02	4.28
236.94	163.06	1.02	4.28
236.89	163.11	1.02	4.27
236.84	163.16	1.02	4.28
236.79	163.21	1.02	4.27
236.74	163.26	1.02	4.27
236.69	163.31	1.02	4.27
236.64	163.36	1.01	4.27
236.59	163.41	1.01	4.26
236.54	163.46	1.01	4.26
236.49	163.51	1.01	4.26
236.44	163.56	1.01	4.26
236.39	163.61	1.01	4.26
236.34	163.66	1.01	4.25
236.29	163.71	1.01	4.25
236.24	163.76	1.01	4.25
236.19	163.81	1.01	4.25
236.14	163.86	1.01	4.25
236.09	163.91	1.01	4.24
236.04	163.96	1.01	4.24
235.99	164.01	1.01	4.24
235.94	164.06	1.01	4.24
235.89	164.11	1.01	4.24
235.84	164.16	1.01	4.23
235.79	164.21	1.01	4.23
235.74	164.26	1.01	4.23
235.69	164.31	1.01	4.23
235.64	164.36	1.01	4.23
235.59	164.41	1.00	4.22
235.54	164.46	1.00	4.22
235.49	164.51	1.00	4.22
235.44	164.56	1.00	4.22
235.39	164.61	1.00	4.22
235.34	164.66	1.00	4.22
235.29	164.71	1.00	4.21
235.24	164.76	1.00	4.21
235.19	164.81	1.00	4.21
235.14	164.86	1.00	4.20
235.09	164.91	1.00	4.21
235.04	164.96	1.00	4.20
235.00	165.00	1.00	4.20
234.95	165.05	1.00	4.20
234.90	165.10	1.00	4.20
234.85	165.15	1.00	4.19
234.80	165.20	1.00	4.19
234.75	165.25	1.00	4.19
234.70	165.30	1.00	4.19
234.65	165.35	1.00	4.19
234.60	165.40	1.00	4.18
234.55	165.45	0.99	4.18
234.50	165.50	0.99	4.18
234.45	165.55	0.99	4.18
234.40	165.60	0.99	4.18
234.35	165.65	0.99	4.17
234.30	165.70	0.99	4.17
234.25	165.75	0.99	4.17
234.20	165.80	0.99	4.17
234.15	165.85	0.99	4.17
234.10	165.90	0.99	4.17
234.05	165.95	0.99	4.16
234.00	166.00	0.99	4.16
233.95	166.05	0.99	4.16
233.90	166.10	0.99	4.16
233.85	166.15	0.99	4.16
233.80	166.20	0.99	4.15
233.75	166.25	0.99	4.15
233.70	166.30	0.99	4.15
233.65	166.35	0.99	4.15
233.60	166.40	0.99	4.15
233.55	166.45	0.99	4.14
233.50	166.50	0.99	4.14
233.45	166.55	0.98	4.14
233.40	166.60	0.98	4.14
233.35	166.65	0.98	4.13
233.30	166.70	0.98	4.14
233.25	166.75	0.98	4.13
233.20	166.80	0.98	4.13
233.15	166.85	0.98	4.13
233.10	166.90	0.98	4.13
233.05	166.95	0.98	4.12
233.00	167.00	0.98	4.12
232.96	167.04	0.98	4.12
232.91	167.09	0.98	4.12
232.86	167.14	0.98	4.12
232.81	167.19	0.98	4.11
232.76	167.24	0.98	4.11
232.71	167.29	0.98	4.11
232.66	167.34	0.98	4.11
232.61	167.39	0.98	4.11
232.56	167.44	0.98	4.10
232.51	167.49	0.98	4.10
232.46	167.54	0.98	4.10
232.41	167.59	0.98	4.10
232.36	167.64	0.97	4.10
232.31	167.69	0.97	4.10
232.26	167.74	0.97	4.09
232.21	167.79	0.97	4.09
232.16	167.84	0.97	4.09
232.11	167.89	0.97	4.09
232.06	167.94	0.97	4.09
232.01	167.99	0.97	4.08
231.96	168.04	0.97	4.08
231.91	168.09	0.97	4.08
231.86	168.14	0.97	4.08
231.81	168.19	0.97	4.08
231.76	168.24	0.97	4.08
231.71	168.29	0.97	4.07
231.66	168.34	0.97	4.07
231.61	168.39	0.97	4.07
231.56	168.44	0.97	4.07
231.51	168.49	0.97	4.07
231.46	168.54	0.97	4.06
231.41	168.59	0.97	4.06
231.36	168.64	0.97	4.06
231.31	168.69	0.97	4.06
231.26	168.74	0.96	4.05
231.21	168.79	0.96	4.06
231.16	168.84	0.96	4.05
231.11	168.89	0.96	4.05
231.06	168.94	0.96	4.05
231.01	168.99	0.96	4.05
230.97	169.03	0.96	4.04
230.92	169.08	0.96	4.05
230.87	169.13	0.96	4.04
230.82	169.18	0.96	4.04
230.77	169.23	0.96	4.04
230.72	169.28	0.96	4.04
230.67	169.33	0.96	4.03
230.62	169.38	0.96	4.03
230.57	169.43	0.96	4.03
230.52	169.48	0.96	4.03
230.47	169.53	0.96	4.03
230.42	169.58	0.96	4.02
230.37	169.63	0.96	4.02
230.32	169.68	0.96	4.02
230.27	169.73	0.96	4.02
230.22	169.78	0.96	4.02
230.17	169.83	0.96	4.02
230.12	169.88	0.95	4.01
230.07	169.93	0.95	4.01
230.02	169.98	0.95	4.01
229.97	170.03	0.95	4.01
229.92	170.08	0.95	4.01
229.87	170.13	0.95	4.00
229.82	170.18	0.95	4.00
229.77	170.23	0.95	4.00
229.72	170.28	0.95	4.00
229.67	170.33	0.95	4.00
229.62	170.38	0.95	4.00
229.57	170.43	0.95	3.99
229.52	170.48	0.95	3.99
229.47	170.53	0.95	3.99
229.42	170.58	0.95	3.99
229.37	170.63	0.95	3.99
229.32	170.68	0.95	3.99
229.27	170.73	0.95	3.98
229.22	170.78	0.95	3.98
229.17	170.83	0.95	3.98
229.12	170.88	0.95	3.98
229.07	170.93	0.95	3.98
229.02	170.98	0.95	3.98
228.98	171.02	0.94	3.97
228.93	171.07	0.94	3.97
228.88	171.12	0.94	3.97
228.83	171.17	0.94	3.97
228.78	171.22	0.94	3.97
228.73	171.27	0.94	3.96
228.68	171.32	0.94	3.96
228.63	171.37	0.94	3.96
228.58	171.42	0.94	3.96
228.53	171.47	0.94	3.96
228.48	171.52	0.94	3.96
228.43	171.57	0.94	3.95
